700
19714 32423 2269 10095
18567 3812 2576 6248
26482 1542 10992 22625
7222 6850 1023 1419
11112 5995 10901 11045
19059 32695 8724 13310
5773 17350 1796 4611
30698 9312 4154 22706
17711 11391 6643 11211
15145 25613 800 1499
7359 8174 4004 5950
3877 4929 33 3343
1619 1507 27 1432
21942 21557 683 21620
14629 7200 9067 11192
27158 15190 22819 26256
5394 730 333 2848
17254 17346 10991 15354
3356 6460 25 3022
10025 5071 5214 9435
8680 10723 3 5366
27591 4484 8970 14922
27713 26467 16092 24218
19212 18205 2249 11558
14227 14528 391 1022
17574 6028 4746 6091
11376 22006 2386 10014
4266 17139 560 577
2831 13426 1581 1709
8720 15146 984 4027
30152 17303 1039 4337
14642 18495 638 9826
19354 31034 10417 13815
1617 31985 658 1461
4773 11814 1698 2778
23568 31541 658 3275
29360 19097 2088 7752
29175 2225 2191 10685
16292 17092 11544 14450
14066 29508 6156 6784
5135 25423 1303 4264
13263 17787 868 5512
31650 28115 1438 5282
32196 19229 2432 8572
11699 1375 3490 7787
14566 26017 7523 11405
22460 27379 12068 12257
10931 12466 2724 3521
30682 2568 26651 27638
23689 30386 2090 2458
18255 21766 2427 4744
20012 30004 843 5694
13568 29132 1580 10365
14404 29056 7994 13099
28664 13868 11136 22865
24284 7443 21569 24064
483 29803 61 62
29669 18973 388 2387
31124 6086 729 12869
2481 28673 371 531
9600 4328 433 9063
5497 32728 3640 3859
24128 4725 2362 12394
471 2286 37 120
24851 7555 6393 10577
20812 11588 4385 6028
14937 24091 6916 12496
20667 26124 351 13124
16409 22460 1468 15374
23021 6192 883 21849
7292 25048 1184 2409
9739 30924 709 5034
26704 29781 10962 25212
12327 16815 904 5396
21894 17421 10812 14315
10163 13790 1381 8968
27060 12111 24611 24664
29448 30225 979 11923
18580 31324 1390 18467
16864 9524 7780 12038
3715 23531 629 2514
12252 23783 8786 10561
15107 22949 14370 14583
30463 29182 1581 7231
11066 29865 662 4561
12850 2306 668 3067
9328 9737 257 1409
12222 31406 3338 7283
28309 11084 12850 26656
21461 2163 190 12763
32440 8938 3794 16713
2825 24820 2057 2801
12689 30931 3879 7268
19667 29835 4281 6855
5625 8936 253 300
11789 6594 743 6940
18284 11648 13282 15333
888 475 155 396
22670 6117 6805 15228
5176 32073 257 4690
19875 212 276 5720
23635 4148 2728 22225
10005 8960 4668 4675
24373 22265 13590 20966
31730 8592 7584 16200
2607 15016 879 2243
9323 9372 3948 5990
9971 30084 5582 7233
29782 17844 7931 12442
24090 26502 546 19526
1453 19546 306 808
18846 15066 1460 14970
4877 14979 4401 4450
5985 22625 423 3726
25145 10521 5446 19105
15268 11309 6028 9897
16020 29820 8866 11909
13200 14856 4045 10534
938 14588 6 899
22449 494 920 21119
14247 8033 4491 12037
15989 13454 4059 13958
13790 31076 5480 13347
11954 14285 86 7415
26948 11827 3157 6392
8733 31555 1139 3080
5874 30448 2145 3795
22484 7355 2997 7070
14503 27442 10426 14337
30421 23735 2192 26150
26436 23939 10187 14501
16517 25323 55 8879
21838 2017 1232 1615
21290 21181 7525 11211
22895 2110 13481 17428
31856 12235 7039 11854
2293 11519 39 984
7144 4709 6417 6832
25169 4480 13422 22422
5509 11279 631 4032
1945 2702 35 395
21533 7168 2114 9160
2311 25324 1089 1674
23534 5030 16560 23497
16249 26575 2751 9723
27926 19231 4377 25336
14063 17762 1556 6088
13850 17857 10520 10675
10511 13123 50 6542
5728 26260 662 936
1956 28932 133 1015
28852 21714 19319 27173
5915 4779 4082 5529
3527 12398 1045 1410
6405 7474 741 4103
3756 5770 651 1774
1687 29448 22 929
28505 30207 1061 20102
23341 4237 862 1233
6444 13273 2023 3254
28355 6298 23391 26999
1379 8153 946 1060
24698 12535 764 14922
28579 14577 2340 26572
4377 12003 1424 2119
6258 16843 2986 3811
11658 5008 3 5067
6077 9539 473 3127
18777 22692 9254 11798
16210 10984 3633 14719
2360 3257 658 1715
3431 31615 330 2053
23934 16350 3868 7941
12050 30079 6798 7656
19619 16404 2989 5205
4814 20886 2197 4601
19909 9681 3677 13421
2813 5923 1367 2433
13094 12417 7720 12908
96 24762 9 49
9388 29440 7674 8423
13472 28836 1568 5393
10848 20513 881 1862
5321 5468 3638 3848
18159 18218 666 13906
7114 24083 2290 2825
8748 4182 1111 1353
17654 7980 202 7717
17292 2385 5031 14951
3718 18113 1022 1194
23721 29119 8831 22824
3093 284 582 2714
9151 30646 2078 3442
2338 11583 1513 2033
15922 5184 4228 5179
15250 8541 215 654
15110 14298 7809 8996
1579 16222 117 1306
7526 18167 1988 2783
19226 22879 7292 9484
30494 26238 9786 12064
20078 26159 2506 9563
4896 6215 757 3814
10394 1492 8197 9942
12291 10146 3061 8084
18679 22020 4888 16556
19071 26064 3154 5515
2112 5804 590 754
30706 13960 9672 17119
19220 7788 1598 7953
20702 27764 3337 11405
13432 7961 4762 8044
27497 30129 827 17664
26706 14905 4262 11267
26076 22611 7366 21674
24047 25995 2123 13724
293 32478 54 101
17022 8061 3392 6620
19285 21710 2376 2400
27538 29620 11607 16921
23074 13072 2123 8189
22948 20360 8834 15098
5477 7303 2957 3605
19087 9860 11708 13078
4509 19080 210 3757
23570 26346 749 15255
31339 2397 4877 21753
15954 15918 4517 12865
3348 25798 1727 2069
30293 11638 12578 21361
8963 9332 3233 7857
12424 28192 7365 10207
19524 6284 11474 12602
9018 9788 3151 3302
31241 13866 467 13348
287 27917 177 220
14633 987 90 13799
31693 8077 13212 16851
31900 22050 512 15869
22082 1254 3660 16241
30720 23540 1036 14783
1885 17146 1347 1770
2584 31548 1019 1038
27744 8924 2492 9275
14151 32088 9038 10899
2933 9556 2207 2338
13337 2970 3518 10749
26150 26463 7851 15330
32699 31688 2382 24305
23522 22188 1929 19516
3710 27804 2032 3484
7295 13856 2046 4212
1112 12868 92 243
10931 29267 586 3601
32611 4835 5693 28301
28314 17937 1759 6819
29276 21262 1830 4017
22579 11995 641 8081
3877 4688 1255 3625
4579 12643 160 3110
16707 30631 1509 12495
17136 28179 2634 7082
14432 11781 4152 7687
25095 1414 1835 18396
715 12496 550 584
6071 19726 246 2188
14323 26722 3261 4954
12532 21292 2278 7633
13040 5770 1265 12244
8597 13339 2408 6372
23802 4873 7222 8109
5846 15942 3443 5287
2032 22549 489 1403
6614 26317 1448 5640
22738 24281 1862 17919
16922 3588 13632 16709
16967 19444 4179 10967
30728 5107 6871 12659
3864 27638 1190 1516
18285 15575 6471 15093
31923 32742 3525 5140
16888 26016 1339 10532
26025 22974 6709 19164
29117 2162 14497 23979
31792 18669 1653 7910
23475 4388 5231 7936
5282 22228 275 3091
4662 451 1255 4244
32764 21322 988 31623
22405 26384 11496 14506
30303 12568 14619 21955
20549 7422 9355 16269
4499 12925 672 2657
17917 25397 6158 8655
22399 26027 3474 5973
31127 16786 1899 26226
21683 29001 5862 15528
1509 15524 551 788
18142 12527 9475 9785
21018 23088 2705 3502
22360 8621 232 16690
5197 30126 3854 4846
26009 7812 17932 19609
25594 25802 7709 10955
25024 27883 12111 13972
23681 27621 2 1930
14093 6476 601 3039
20388 657 1408 15528
18023 9092 2119 10707
2061 26648 378 1382
28887 31590 1627 19275
7110 2037 4483 5718
12811 19769 4495 12810
20159 11865 5626 8309
19156 7734 5332 6908
1356 3240 1123 1309
31656 14602 5750 30982
18084 3578 3157 3887
20257 27226 3302 4949
20323 31642 2747 8438
29820 3386 342 1892
13320 29066 889 10313
10779 26549 222 10147
4984 8957 523 1014
14340 22344 175 6937
22906 28380 3074 22901
31327 19815 5302 16383
4409 17474 1611 1791
31740 7158 18376 23037
18373 22272 490 11833
8394 4561 2145 3550
32401 9241 972 7265
24673 26437 64 4597
11767 17990 4182 4379
4217 31381 1126 3648
22448 6772 10416 19687
16241 23670 4175 8474
10588 13377 1030 9322
7882 11411 275 6442
12032 8835 100 4731
32169 17930 1098 19981
5507 961 3004 4671
21336 15340 11131 17171
32048 27320 10641 27522
22981 9665 8435 19183
23607 4823 1213 1390
14337 15362 4031 9341
28972 25795 4749 12851
15554 17565 5505 8287
17798 19156 14455 16164
10466 20341 908 9600
16417 21910 8651 10728
2526 17119 5 2461
18364 12362 2199 10469
9304 14374 4696 4717
30076 25954 18052 25788
28310 10248 5378 6795
22376 29448 9072 15073
6912 26423 930 2790
17131 12183 325 1149
12966 29401 1135 1838
14165 32288 2338 4182
16311 3336 2059 9282
20570 21223 5104 15325
2059 10579 10 1961
18577 2020 8607 11916
22427 10554 9989 20521
3062 322 560 3050
23299 26806 1591 5342
23145 8675 6962 15910
2567 6831 1363 2424
31277 4058 28256 30329
8715 30084 4208 4718
31337 18672 1767 1970
12441 12167 743 4721
1450 1824 251 1126
11743 19326 6049 7341
17503 29978 8974 13280
10030 13603 2900 5375
20316 12996 1803 7788
31101 11685 801 25716
12889 10676 569 12502
7140 2085 3179 6127
32368 12727 150 23351
31265 13882 1162 9250
27809 1358 2417 15282
24342 9325 80 11134
4177 1580 705 2894
28488 26301 10749 23055
6599 20921 1305 1703
13154 13596 403 8488
10414 9618 3181 6199
12977 14321 4224 5053
11926 5126 6833 10575
7589 9364 1726 3026
24947 2202 11608 14843
2134 10709 40 549
15900 7302 10331 14136
13565 11381 5214 5584
6861 15158 2196 5573
28279 21419 6920 9614
18854 5834 1266 11706
29381 26016 20117 20635
19242 27798 2279 3537
28046 29684 856 8560
4289 6563 3131 3791
667 22583 511 643
20278 32557 2060 4307
26714 112 10565 26044
24889 14114 9356 12297
4701 2970 2673 4463
14814 6313 273 8157
27608 13858 13937 18965
26396 3225 3441 6521
8742 5738 4899 8681
9296 12798 6138 6320
32581 10569 8745 27688
31927 21143 9722 13180
21589 11913 1206 9076
32247 10074 1504 28702
29724 21863 11334 28939
31383 27887 11944 22410
15749 14615 2896 15339
23682 18481 6739 6851
13853 11581 2161 10115
1929 31408 1323 1704
13461 23157 2473 8281
19421 26418 1723 12326
6978 10956 2707 6154
26777 26157 212 25306
8864 1605 4216 4973
7734 27214 4316 7305
13259 24405 9463 12496
20757 29942 5447 6774
21252 3943 2589 16153
15353 23224 5590 8623
6707 856 1140 3800
12937 22492 2066 3612
17247 14332 1731 10016
29651 29918 8278 14553
17207 1688 6329 16193
3268 15088 369 1019
29580 16741 934 2556
19121 14452 4810 13616
19925 8212 3241 3905
15825 21891 6105 9240
13738 31812 9332 9386
19393 30825 4182 17127
21321 24078 3789 5925
20990 31270 511 2638
32276 22650 11542 12235
22638 27374 14627 18836
14097 13830 2726 5542
21464 9898 950 4864
13161 29990 9226 10164
30823 14709 16269 26710
30442 5311 11114 18214
7212 5152 1217 4461
32389 12459 5133 17080
10649 4271 6784 9925
31440 28216 4936 9086
8710 18137 2475 3261
6788 14505 410 3019
12335 12428 1854 4880
25856 19892 9222 18789
19124 7783 5058 7910
9413 6658 4512 4896
26264 31806 1474 10959
25080 26034 5455 9765
14787 26009 10207 10525
27875 20694 2333 15884
3456 2613 183 2040
30836 8180 11822 15627
8448 25218 4495 6666
17597 22662 6836 7022
7125 13347 2015 5308
22898 11642 2290 5722
4215 26225 263 1887
20591 15283 1666 4336
3778 9977 2918 3073
12335 5767 1359 4078
18038 24057 2757 5392
22101 9279 7169 14750
14774 29415 12960 14335
29223 19098 8239 28159
32650 24810 3362 17439
3854 27467 201 3801
5726 7006 965 2333
12056 12406 2716 5519
18048 16981 5395 8094
30070 10550 1071 1227
5285 10001 364 3764
24830 13850 6829 7808
17509 8330 249 3239
5801 17827 820 1240
27322 12270 346 2720
15382 24776 13773 15067
4229 29980 2928 3248
25094 1906 5807 23216
25865 29481 3656 3955
32478 23808 21762 24606
110 9436 29 106
31017 9413 249 13760
13887 24881 945 7334
16915 3717 9766 15492
30701 4057 10214 24941
32750 21243 12649 27437
18250 11703 1259 7142
18609 8278 1963 14632
14606 8549 2308 9654
27764 22200 9721 15785
1877 24494 683 1375
20470 5301 12216 20276
13343 24593 1056 5905
22295 5082 2410 4258
15312 24900 4100 11014
24414 21796 18404 21984
22445 32175 6496 16738
19060 7556 15622 15997
20581 4077 3297 13673
6311 16993 162 3944
24709 26446 7731 24263
4968 17942 315 601
9986 19543 1647 2289
1997 17520 541 1995
10676 21825 5851 10598
4367 12082 1522 1951
26581 2678 11250 19739
29453 23185 27494 27633
31878 23319 7504 22176
1224 22967 168 1155
20810 24953 7118 13850
10982 11076 2502 7740
24713 30627 1563 7572
25135 13768 14768 22590
2063 7122 36 417
23058 5195 4659 6706
27530 9461 13758 17782
7969 12998 697 1236
26383 18225 5288 10499
21905 15015 12540 18195
4502 26718 986 2423
955 20305 239 697
20345 17544 2050 14114
27805 6809 13894 15192
29945 25199 6622 26075
31322 10570 16136 17444
30906 22535 197 7364
14518 6050 2053 8551
13890 24313 4249 12302
24475 3538 5330 8360
16509 14624 6183 10637
28055 3202 8510 23243
17468 25869 1215 7415
21083 2379 1376 1556
31409 8835 8532 9750
10557 23355 3314 4052
11252 18172 3586 7470
951 30549 216 889
16770 25122 853 14511
17382 32015 6259 12484
26809 12887 1074 26139
1804 4818 760 1766
17757 26926 3141 14154
8206 4732 1927 3384
13334 16367 1555 11944
8695 1505 2464 4141
7408 23575 3000 6140
31347 29510 6958 24428
21977 982 8549 10748
7253 31205 33 3915
5414 8847 1198 4355
14865 15981 3654 4636
29711 7515 1017 22547
4163 10111 1328 3983
302 30599 252 257
16422 27185 3268 15542
25348 18193 1090 4068
14878 26255 8976 11269
2677 31023 740 2378
14383 21525 5207 12944
30023 26312 21451 28139
18563 15926 5521 13285
166 14584 73 139
26599 20696 9063 9301
19363 7568 3288 9140
11343 29909 4580 10553
10672 19348 2656 4836
32590 15484 26667 28362
9510 22460 4578 7628
26783 8206 8866 13475
4543 22772 463 543
26783 2625 3409 20747
12060 23772 4995 10034
25296 13505 5681 8852
23361 11336 8072 8201
6231 21674 2293 4665
21780 24513 4697 12033
12927 5903 4886 5975
3809 17410 3599 3804
23860 28022 2045 18163
4313 3708 554 3701
29065 10842 15464 19832
27534 25043 7204 11867
12339 28072 3035 4562
14969 8798 4439 12795
3083 24898 212 1022
13940 6827 2422 12028
1168 17791 595 790
22592 28664 1318 10330
4194 19880 2206 3353
2817 26299 380 2380
6088 19581 891 5779
28349 30492 3318 18994
32556 12462 11700 16200
10976 12661 3435 5588
16793 20834 2992 11885
20667 29401 2999 19861
6980 2740 545 1290
19968 27018 3307 15929
17408 10801 1489 14494
28488 27009 6940 21339
14792 11099 3160 12273
29326 4330 2439 13090
6969 17449 339 1168
10673 15526 2029 2425
4629 16773 1879 4617
11509 19655 4540 11361
19906 13261 2127 6556
7554 14615 951 1383
3528 27474 234 2269
30692 30098 7308 12703
15447 17628 1343 15264
30346 9959 14910 16251
6335 17955 528 5986
1095 9979 30 440
29173 2647 10115 26324
16084 22886 5682 11021
28949 32410 23279 27823
2379 20468 1326 1930
29659 28289 6602 28589
11949 16165 8509 9791
30504 24727 1005 15767
5214 17069 1531 2112
4483 17114 315 2061
31908 29173 26138 27943
32149 26427 3653 5184
22828 17560 18003 18109
13484 20514 1218 1500
11652 18150 1998 6491
6458 19688 2214 4298
418 7781 210 249
12627 26203 6107 8668
25691 24140 3790 16843
28978 6974 1318 15485
32237 11270 5633 6483
5556 27846 625 2360
12918 13237 5496 11355
3803 15134 169 2944
21627 27820 5423 18653
31309 29156 6587 10116
26466 11763 3018 3424
11731 1194 8218 10300
29176 4807 5710 7617
20954 15222 2875 14683
24811 12055 10735 14915
3061 20290 756 1834
31057 5128 5892 10215
14681 22140 870 5602
23327 9331 7605 9684
14688 391 7545 8851
5043 14690 1884 3259
18438 10041 8466 16436
16459 5782 11142 11330
26735 8539 3798 5900
16524 12036 6949 10413
24415 31020 3124 18368
30972 14674 2360 18632
15808 25566 5387 15305
9608 5215 1530 8213
31520 3863 13236 22728
15359 31673 2590 11038
8241 15729 6904 7462
24212 3109 13139 22308
327 13051 162 236
24160 6171 5882 9576
2269 29110 489 1836
19934 19527 4493 18937
4625 17944 291 2518
9069 9224 2104 8529
21283 9101 5107 16970
27601 11765 1429 4251
22521 20721 3600 10133
3251 8275 1777 2888
3230 25879 1991 2878
5916 15776 2622 2703
22463 4933 5043 22055
10750 2316 8757 9886
17709 18357 10091 10229
25772 19195 5133 6293
